All statistics are based on contigs of size >= 500 bp, unless otherwise noted (e.g., "# contigs (>= 0 bp)" and "Total length (>= 0 bp)" include all contigs).

Assembly                                # contigs (>= 0 bp)  # contigs (>= 1000 bp)  # contigs (>= 5000 bp)  # contigs (>= 10000 bp)  # contigs (>= 25000 bp)  # contigs (>= 50000 bp)  Total length (>= 0 bp)  Total length (>= 1000 bp)  Total length (>= 5000 bp)  Total length (>= 10000 bp)  Total length (>= 25000 bp)  Total length (>= 50000 bp)  # contigs  Largest contig  Total length  GC (%)  N50      N90      auN        L50  L90  # N's per 100 kbp
GCA_000007145.1_ASM714v1_genomic        1                    1                       1                       1                        1                        1                        5076188                 5076188                    5076188                    5076188                     5076188                     5076188                     1          5076188         5076188       65.07   5076188  5076188  5076188.0  1    1    0.32             
GCA_000589875.1_20120327_genomic        4                    4                       4                       4                        3                        2                        5166940                 5166940                    5166940                    5166940                     5143558                     5111712                     4          5050003         5166940       64.94   5050003  5050003  4936751.6  1    1    47.67            
GCA_000589895.1_20120412_genomic        5                    4                       2                       1                        1                        1                        5015961                 5015001                    5008398                    4998410                     4998410                     4998410                     5          4998410         5015961       65.13   4998410  4998410  4980944.9  1    1    255.31           
GCA_000589935.1_20120412_genomic        11                   8                       5                       4                        1                        1                        5073734                 5071313                    5059699                    5053102                     5008990                     5008990                     11         5008990         5073734       65.08   5008990  5008990  4945222.6  1    1    279.99           
GCA_000589955.1_20120413_genomic        8                    6                       2                       2                        2                        2                        5136167                 5134531                    5121136                    5121136                     5121136                     5121136                     8          4973409         5136167       64.99   4973409  4973409  4820067.7  1    1    270.84           
GCA_000589975.1_20120413_genomic        5                    3                       1                       1                        1                        1                        5056538                 5055213                    5052401                    5052401                     5052401                     5052401                     5          5052401         5056538       65.05   5052401  5052401  5048268.3  1    1    249.32           
GCA_000589995.1_20120413_genomic        5                    5                       2                       2                        1                        1                        5030566                 5030566                    5022751                    5022751                     5012730                     5012730                     5          5012730         5030566       65.12   5012730  5012730  4994982.0  1    1    364.09           
GCA_000590095.1_20121025_genomic        5                    5                       2                       2                        1                        1                        5041610                 5041610                    5033590                    5033590                     5023477                     5023477                     5          5023477         5041610       65.10   5023477  5023477  5005434.5  1    1    174.67           
GCA_000590115.1_20121028_genomic        6                    4                       1                       1                        1                        1                        5030897                 5029385                    5025391                    5025391                     5025391                     5025391                     6          5025391         5030897       65.09   5025391  5025391  5019892.4  1    1    141.25           
GCA_000590195.1_20121031_genomic        5                    5                       2                       2                        2                        1                        4958955                 4958955                    4950909                    4950909                     4950909                     4908835                     5          4908835         4958955       65.17   4908835  4908835  4859583.7  1    1    199.72           
GCA_000590275.1_20120412_genomic        8                    6                       2                       2                        2                        1                        4997962                 4996206                    4989088                    4989088                     4989088                     4950512                     8          4950512         4997962       65.14   4950512  4950512  4903813.3  1    1    200.28           
GCA_000590295.1_20120411_genomic        8                    6                       2                       1                        1                        1                        5060825                 5059540                    5052905                    5045960                     5045960                     5045960                     8          5045960         5060825       65.04   5045960  5045960  5031150.6  1    1    268.93           
GCA_000590315.1_20120327_genomic        1                    1                       1                       1                        1                        1                        4967288                 4967288                    4967288                    4967288                     4967288                     4967288                     1          4967288         4967288       65.17   4967288  4967288  4967288.0  1    1    19.21            
GCA_000590355.1_20120327_genomic        2                    1                       1                       1                        1                        1                        4912085                 4911500                    4911500                    4911500                     4911500                     4911500                     2          4911500         4912085       65.36   4911500  4911500  4910915.1  1    1    21.15            
GCA_020813075.1_ASM2081307v1_genomic    53                   53                      45                      43                       41                       27                       4898270                 4898270                    4877840                    4864337                     4832872                     4306303                     53         385197          4898270       65.30   196893   45949    186669.1   10   30   0.00             
GCA_028750355.1_ASM2875035v1_genomic    3                    3                       3                       3                        3                        2                        5233120                 5233120                    5233120                    5233120                     5233120                     5194357                     3          5033626         5233120       64.97   5033626  5033626  4846960.8  1    1    0.00             
GCA_028750375.1_ASM2875037v1_genomic    2                    2                       2                       2                        2                        2                        5150972                 5150972                    5150972                    5150972                     5150972                     5150972                     2          5095350         5150972       65.02   5095350  5095350  5040929.3  1    1    0.00             
GCA_030062435.1_ASM3006243v1_genomic    2                    2                       2                       2                        2                        1                        5170182                 5170182                    5170182                    5170182                     5170182                     5131420                     2          5131420         5170182       64.96   5131420  5131420  5093239.2  1    1    0.00             
GCA_030361545.2_ASM3036154v2_genomic    80                   68                      54                      48                       43                       34                       4855769                 4847494                    4813446                    4772570                     4694334                     4386349                     80         325203          4855769       65.26   161544   50985    155019.4   12   34   0.00             
GCA_030361585.2_ASM3036158v2_genomic    69                   62                      50                      43                       37                       35                       5043137                 5038111                    5011585                    4965896                     4873289                     4810113                     69         298690          5043137       65.05   162491   57277    163129.3   12   31   0.00             
GCA_030361605.2_ASM3036160v2_genomic    75                   62                      49                      44                       40                       33                       4857820                 4848569                    4815526                    4783609                     4727575                     4499012                     75         298661          4857820       65.26   174860   55056    165688.9   11   31   0.00             
GCA_030361625.2_ASM3036162v2_genomic    76                   69                      56                      48                       40                       36                       5039121                 5034332                    5005225                    4944595                     4824478                     4699267                     76         275768          5039121       65.05   149665   57277    149153.2   13   33   0.00             
GCA_030361645.2_ASM3036164v2_genomic    66                   59                      49                      42                       35                       31                       5045070                 5040043                    5019716                    4974028                     4865902                     4727250                     66         431289          5045070       65.05   176760   57277    205101.7   10   28   0.00             
GCA_030361665.2_ASM3036166v2_genomic    74                   63                      49                      42                       36                       33                       5052088                 5044488                    5016528                    4965007                     4880831                     4767729                     74         298636          5052088       65.04   162313   63009    165018.4   12   30   0.00             
GCA_030361675.2_ASM3036167v2_genomic    71                   63                      51                      45                       38                       34                       5047337                 5041635                    5013759                    4970639                     4861915                     4729738                     71         422684          5047337       65.04   162305   56941    179283.4   11   31   0.00             
GCA_030361705.2_ASM3036170v2_genomic    76                   64                      49                      43                       36                       33                       5020690                 5012178                    4979130                    4936009                     4832065                     4724387                     76         329299          5020690       65.02   178060   62647    172884.6   11   30   0.00             
GCA_030361725.2_ASM3036172v2_genomic    71                   63                      53                      46                       41                       35                       5041637                 5035935                    5014134                    4962626                     4892351                     4693992                     71         285017          5041637       65.05   149714   53728    159792.2   12   33   0.00             
GCA_030361745.2_ASM3036174v2_genomic    71                   64                      50                      44                       38                       36                       5050891                 5046102                    5014702                    4971582                     4877010                     4802546                     71         275780          5050891       65.04   155850   62972    152056.1   13   32   0.00             
GCA_030361765.2_ASM3036176v2_genomic    75                   65                      49                      42                       38                       34                       5050923                 5043708                    5009279                    4957587                     4900092                     4764917                     75         506247          5050923       65.03   155646   63006    181206.0   12   30   0.00             
GCA_030361785.2_ASM3036178v2_genomic    78                   68                      52                      45                       39                       36                       5050785                 5043699                    5009342                    4957717                     4882648                     4791014                     78         233016          5050785       65.04   147257   69208    145648.5   14   32   0.00             
GCA_030361805.2_ASM3036180v2_genomic    74                   64                      50                      42                       35                       34                       5051475                 5044261                    5016098                    4959419                     4855458                     4827242                     74         318037          5051475       65.04   162603   67063    170199.8   12   30   0.00             
GCA_030361825.2_ASM3036182v2_genomic    84                   74                      57                      50                       40                       36                       5047258                 5040176                    5004421                    4953180                     4796697                     4657911                     84         422742          5047258       65.04   147294   55054    159369.0   13   34   0.00             
GCA_030361845.2_ASM3036184v2_genomic    68                   60                      48                      42                       36                       34                       5041752                 5036050                    5008053                    4964932                     4865869                     4791457                     68         392065          5041752       65.05   178326   57277    176875.8   11   30   0.00             
GCA_030361865.2_ASM3036186v2_genomic    94                   80                      60                      55                       45                       32                       5004522                 4995428                    4955053                    4917499                     4747356                     4244290                     94         349942          5004522       65.10   153709   40584    155802.2   12   38   0.00             
GCA_030361885.2_ASM3036188v2_genomic    87                   79                      63                      55                       44                       33                       5050687                 5045803                    5006616                    4947538                     4787271                     4381529                     87         349474          5050687       65.04   157827   41651    151876.3   13   37   0.00             
GCA_030361905.2_ASM3036190v2_genomic    76                   68                      56                      49                       40                       35                       5042056                 5036354                    5008356                    4956768                     4816704                     4649289                     76         249354          5042056       65.05   145690   63002    143008.5   14   33   0.00             
GCA_030361925.2_ASM3036192v2_genomic    77                   66                      51                      44                       37                       30                       5050360                 5042579                    5009331                    4957967                     4854069                     4595594                     77         336781          5050360       65.04   176816   51542    181520.3   11   30   0.00             
GCA_030361945.2_ASM3036194v2_genomic    66                   59                      48                      42                       35                       31                       5041939                 5037149                    5014239                    4971118                     4870143                     4720291                     66         412023          5041939       65.05   184809   57277    194943.1   10   28   0.00             
GCA_030361965.2_ASM3036196v2_genomic    78                   71                      53                      46                       37                       29                       5105951                 5101933                    5059270                    5007692                     4853870                     4550393                     78         444669          5105951       65.06   187329   46802    181436.5   11   30   0.00             
GCA_030361985.2_ASM3036198v2_genomic    92                   81                      61                      53                       45                       36                       5093673                 5086710                    5052847                    4993250                     4856825                     4557445                     92         523289          5093673       65.06   131294   40175    169138.5   12   37   0.00             
GCA_030362005.2_ASM3036200v2_genomic    77                   68                      52                      49                       38                       29                       4982362                 4976501                    4944248                    4923915                     4742150                     4383060                     77         302436          4982362       65.12   179297   48771    174135.9   11   32   0.00             
GCA_030362025.2_ASM3036202v2_genomic    92                   80                      62                      55                       45                       30                       5051896                 5044032                    5000289                    4947643                     4767655                     4199442                     92         301766          5051896       65.10   145442   40492    154847.2   12   38   0.00             
GCA_030362045.2_ASM3036204v2_genomic    81                   71                      52                      47                       39                       31                       5045124                 5038261                    4994622                    4961799                     4805030                     4456720                     81         523534          5045124       65.11   160784   48749    184951.7   11   33   0.00             
GCA_030362065.2_ASM3036206v2_genomic    62                   55                      39                      37                       33                       30                       5024558                 5020614                    4986003                    4968132                     4892622                     4773809                     62         490806          5024558       65.14   181474   58073    210411.3   10   26   0.00             
GCA_030362085.2_ASM3036208v2_genomic    86                   75                      60                      52                       43                       37                       5019273                 5011841                    4981006                    4919940                     4770048                     4539706                     86         523412          5019273       65.10   119005   53498    160639.1   14   37   0.00             
GCA_030362105.2_ASM3036210v2_genomic    98                   85                      65                      56                       45                       34                       5018867                 5010189                    4966186                    4897294                     4730297                     4319296                     98         299906          5018867       65.10   124593   40122    139342.3   14   39   0.00             
GCA_030362125.2_ASM3036212v2_genomic    83                   72                      57                      53                       41                       33                       5121621                 5114367                    5079319                    5053717                     4836407                     4546999                     83         602153          5121621       65.03   143508   48748    189305.0   12   35   0.00             
GCA_030362135.2_ASM3036213v2_genomic    100                  88                      71                      59                       46                       35                       5103262                 5095197                    5061107                    4973795                     4756775                     4347446                     100        340515          5103262       65.04   119005   39244    137144.2   14   41   0.00             
GCA_030362155.2_ASM3036215v2_genomic    87                   75                      61                      54                       42                       33                       5000095                 4990932                    4962659                    4911370                     4705677                     4412255                     87         382450          5000095       65.17   162640   32886    162637.6   11   36   0.00             
GCA_030362185.2_ASM3036218v2_genomic    69                   62                      46                      45                       37                       30                       5063515                 5059365                    5024755                    5016836                     4870831                     4599573                     69         303136          5063515       65.06   178269   50229    173595.0   12   30   0.00             
GCA_030362205.2_ASM3036220v2_genomic    62                   55                      39                      39                       33                       27                       4974376                 4970432                    4935823                    4935823                     4821458                     4603010                     62         419228          4974376       65.14   187482   54877    206585.4   10   25   0.00             
GCA_030362225.2_ASM3036222v2_genomic    97                   87                      69                      56                       43                       32                       5187770                 5180460                    5141931                    5036945                     4809281                     4382936                     97         330923          5187770       64.93   161927   37663    153353.5   12   39   0.00             
GCA_030362235.2_ASM3036223v2_genomic    118                  101                     71                      56                       47                       28                       5017256                 5004811                    4931017                    4817816                     4670144                     3973350                     118        275871          5017256       65.22   162884   32149    147565.5   12   42   0.00             
GCA_030362265.2_ASM3036226v2_genomic    79                   71                      55                      50                       44                       30                       4999552                 4994370                    4960469                    4922857                     4819114                     4278594                     79         468657          4999552       65.10   164319   41653    181183.5   10   35   0.00             
GCA_030362285.2_ASM3036228v2_genomic    92                   82                      63                      55                       42                       33                       5025881                 5019035                    4978242                    4917728                     4713917                     4380423                     92         296606          5025881       65.08   146465   40299    145280.9   13   37   0.00             
GCA_030362305.2_ASM3036230v2_genomic    88                   78                      61                      55                       44                       37                       5034689                 5028345                    4987395                    4948412                     4771951                     4512383                     88         601695          5034689       65.11   119005   49900    175469.1   13   38   0.00             
GCA_030362315.2_ASM3036231v2_genomic    82                   72                      56                      49                       41                       37                       5041578                 5034492                    5000134                    4948921                     4834594                     4710139                     82         348953          5041578       65.05   126248   57277    153552.4   13   34   0.00             
GCA_030362325.2_ASM3036232v2_genomic    70                   63                      49                      43                       37                       30                       5011216                 5006428                    4973990                    4934198                     4845953                     4579910                     70         348766          5011216       65.03   155696   52490    173143.9   11   29   0.00             
GCA_030362335.2_ASM3036233v2_genomic    78                   68                      52                      46                       39                       32                       5011779                 5004692                    4970455                    4927335                     4824724                     4567565                     78         374647          5011779       65.03   155696   52631    164948.4   12   31   0.00             
GCA_030362385.2_ASM3036238v2_genomic    77                   70                      56                      49                       39                       34                       5041266                 5036349                    5003915                    4956009                     4798112                     4632225                     77         392247          5041266       65.05   147029   52502    169636.6   12   33   0.00             
GCA_030362405.2_ASM3036240v2_genomic    73                   62                      47                      40                       34                       33                       5050925                 5043032                    5009784                    4958579                     4874665                     4844785                     73         285207          5050925       65.04   186596   69208    174594.0   11   28   0.00             
GCA_030362425.2_ASM3036242v2_genomic    71                   61                      45                      38                       32                       29                       5044241                 5037155                    5002795                    4951436                     4867524                     4750894                     71         583894          5044241       65.05   186737   63011    219830.0   10   26   0.00             
GCA_030362435.2_ASM3036243v2_genomic    85                   75                      56                      50                       45                       37                       4990529                 4983776                    4944136                    4904782                     4805804                     4493158                     85         301310          4990529       65.13   135367   53475    137186.7   14   37   0.00             
GCA_030362465.2_ASM3036246v2_genomic    85                   73                      55                      49                       43                       37                       4989957                 4981945                    4943524                    4901188                     4794952                     4552387                     85         301508          4989957       65.13   129089   58283    137440.4   14   36   0.00             
GCA_030362485.2_ASM3036248v2_genomic    75                   66                      49                      42                       37                       33                       4990632                 4984236                    4951033                    4899997                     4827420                     4689792                     75         314014          4990632       65.06   155696   70211    161166.3   12   30   0.00             
GCA_030362505.2_ASM3036250v2_genomic    73                   62                      48                      42                       34                       32                       5045758                 5037759                    5010711                    4967591                     4843795                     4780803                     73         409526          5045758       65.05   177141   67078    185344.4   11   28   0.00             
GCA_030362525.2_ASM3036252v2_genomic    80                   70                      56                      49                       41                       35                       5040126                 5033040                    5004880                    4953222                     4830212                     4599065                     80         328899          5040126       65.05   136282   52442    150826.7   13   34   0.00             
GCA_030362545.2_ASM3036254v2_genomic    76                   66                      52                      45                       38                       34                       5042926                 5035839                    5007678                    4956470                     4862076                     4712291                     76         348954          5042926       65.05   150991   63069    161939.4   12   31   0.00             
GCA_030362565.2_ASM3036256v2_genomic    87                   77                      60                      52                       42                       35                       5081384                 5074297                    5038063                    4981061                     4832391                     4571515                     87         283455          5081384       65.03   146987   45303    147091.4   13   36   0.00             
GCA_030362585.2_ASM3036258v2_genomic    78                   69                      52                      44                       36                       32                       5050918                 5044611                    5009180                    4952472                     4821279                     4684874                     78         470146          5050918       65.03   165842   56931    187133.1   11   30   0.00             
GCA_030362595.2_ASM3036259v2_genomic    87                   78                      60                      51                       39                       33                       5081559                 5075253                    5037950                    4972765                     4788957                     4569060                     87         328866          5081559       65.02   146579   44570    161898.2   12   34   0.00             
GCA_030362625.2_ASM3036262v2_genomic    77                   70                      56                      49                       42                       38                       5045184                 5040267                    5008869                    4957639                     4857301                     4722159                     77         275767          5045184       65.04   136694   57277    143402.3   14   35   0.00             
GCA_030362645.2_ASM3036264v2_genomic    72                   63                      46                      39                       32                       30                       5057520                 5051213                    5015782                    4967162                     4863383                     4795182                     72         549940          5057520       65.03   177574   69214    220967.9   10   26   0.00             
GCA_030362665.2_ASM3036266v2_genomic    73                   62                      47                      41                       35                       30                       5094898                 5086899                    5053652                    5010532                     4926590                     4738060                     73         284106          5094898       65.01   177574   57277    174212.5   12   28   0.00             
GCA_030362685.2_ASM3036268v2_genomic    76                   65                      50                      43                       38                       35                       5049704                 5041705                    5008458                    4957128                     4883972                     4791941                     76         349216          5049704       65.04   177818   60944    168934.3   12   31   0.00             
GCA_030362695.2_ASM3036269v2_genomic    74                   63                      50                      44                       37                       36                       5051388                 5043390                    5016341                    4973221                     4869341                     4825167                     74         348764          5051388       65.04   155696   60944    165434.5   12   31   0.00             
GCA_030362725.2_ASM3036272v2_genomic    76                   65                      49                      42                       34                       31                       5051703                 5044103                    5010046                    4961706                     4834518                     4711728                     76         512463          5051703       65.02   168330   63012    195124.2   11   29   0.00             
GCA_030362745.2_ASM3036274v2_genomic    75                   66                      51                      44                       36                       34                       5043533                 5037122                    5007563                    4958966                     4844622                     4781566                     75         349028          5043533       65.05   155696   69206    166273.2   12   30   0.00             
GCA_030362765.2_ASM3036276v2_genomic    98                   88                      72                      63                       49                       37                       5039445                 5032359                    4998001                    4930555                     4700017                     4274546                     98         249349          5039445       65.05   120676   33830    124926.6   15   44   0.00             
GCA_035059585.2_WHRI8978v2_ONT_genomic  2                    2                       2                       2                        2                        1                        5160526                 5160526                    5160526                    5160526                     5160526                     5120633                     2          5120633         5160526       64.96   5120633  5120633  5081356.8  1    1    0.00             
